<?xml version="1.0"?>
<opencv_storage>
<calibration_time>"dom 12 apr 2020 19:14:23 CEST"</calibration_time>
<nr_of_frames>14</nr_of_frames>
<image_width>640</image_width>
<image_height>480</image_height>
<board_width>9</board_width>
<board_height>6</board_height>
<square_size>50.</square_size>
<fix_aspect_ratio>1.</fix_aspect_ratio>
<!-- flags: +fix_aspectRatio +fix_principal_point +zero_tangent_dist -->
<flags>14</flags>
<fisheye_model>0</fisheye_model>
<camera_matrix type_id="opencv-matrix">
  <rows>3</rows>
  <cols>3</cols>
  <dt>d</dt>
  <data>
    5.9021582814928479e+02 0. 3.1950000000000000e+02 0.
    5.9021582814928479e+02 2.3950000000000000e+02 0. 0. 1.</data></camera_matrix>
<distortion_coefficients type_id="opencv-matrix">
  <rows>5</rows>
  <cols>1</cols>
  <dt>d</dt>
  <data>
    9.8300891329190163e-02 2.9249092034088525e-01 0. 0.
    -1.6417657631343097e+00</data></distortion_coefficients>
<avg_reprojection_error>2.8274916012636947e-01</avg_reprojection_error>
<per_view_reprojection_errors type_id="opencv-matrix">
  <rows>14</rows>
  <cols>1</cols>
  <dt>f</dt>
  <data>
    2.33061522e-01 2.78730810e-01 2.87036598e-01 3.11217248e-01
    3.25555891e-01 2.66891003e-01 3.50723922e-01 1.89246446e-01
    2.05625534e-01 2.45704174e-01 4.02369529e-01 2.62410015e-01
    2.24300936e-01 2.97055572e-01</data></per_view_reprojection_errors>
<!-- a set of 6-tuples (rotation vector + translation vector) for each view -->
<extrinsic_parameters type_id="opencv-matrix">
  <rows>14</rows>
  <cols>6</cols>
  <dt>d</dt>
  <data>
    8.8814638452252598e-02 8.5751142131488822e-02 6.4825485793296583e-02
    -2.5239475833749407e+02 -1.3831900124337614e+02
    6.2203491145943019e+02 8.5808242902980697e-02 1.3044267310813415e-01
    1.4585733194377234e-01 -1.8508327618645143e+02
    -1.9197992554022414e+02 6.5932051676126332e+02
    1.0560483190165629e-01 1.0887646386313848e-01 2.7141210412340813e-02
    -2.3246902677554036e+02 -1.5144693852965065e+02
    5.3820409816456845e+02 7.2413815817681124e-02 1.5038317336506379e-01
    3.6871059315908297e-02 -2.0859939952996564e+02
    -1.3805401373715702e+02 5.6169948990561102e+02
    6.0526627942792711e-02 1.7433593373978301e-01 4.6113533227701335e-02
    -2.0064578524500746e+02 -1.3562902065449637e+02
    6.2232917364298328e+02 2.9978471092617215e-01 2.2874515212413091e-01
    1.6359333125220726e-01 -2.2984844932852803e+02
    -1.7416015921576061e+02 6.1261206752578562e+02
    1.5436881819270362e-01 3.6510147230816309e-01 1.6754590223733195e-02
    -1.5109698194328391e+02 -1.7002795701669322e+02
    7.1139811555063750e+02 -4.1697599585140410e-02
    -3.3803483344174330e-02 4.4404752216925754e-02
    -8.9623420394336321e+01 -9.1229012158684142e+01
    7.9548544060531879e+02 -7.7023825916073443e-02
    -1.5244735131611273e-01 1.3321417553391948e-01
    -2.0484143070746174e+02 -1.5342291550189003e+02
    6.6254749586594517e+02 -8.2036930867734684e-03
    -5.8570226655750901e-02 9.7439123926191806e-02
    -1.1949197924789854e+02 -1.9692919666225507e+02
    6.9816987057319773e+02 6.4287490786924173e-03
    -1.4291285543605348e-01 8.1865005179206002e-02
    -1.7525947718303891e+02 -1.4818274627176856e+02
    6.0010500074269169e+02 4.5052949171804135e-02
    -7.0563372967982471e-02 4.9118823725739176e-02
    -1.2875282072856325e+02 -1.5410187998653072e+02
    6.3967056790487050e+02 9.1483160192539048e-02
    -1.0168012899081065e-01 -1.3045818185565255e-03
    -1.8326877932684087e+02 -1.5046790910058132e+02
    5.4065226688487712e+02 9.5666624282173179e-02
    -1.2051066694610210e-01 -2.3217404320238159e-02
    -2.0003642810387629e+02 -1.2622338058299478e+02
    5.0177713412529346e+02</data></extrinsic_parameters>
<image_points type_id="opencv-matrix">
  <rows>14</rows>
  <cols>54</cols>
  <dt>"2f"</dt>
  <data>
    7.58124313e+01 1.05780014e+02 1.23024788e+02 1.08597679e+02
    1.70786850e+02 1.11495094e+02 2.19072281e+02 1.14501823e+02
    2.67106415e+02 1.17272278e+02 3.15729797e+02 1.19807823e+02
    3.65284302e+02 1.22362640e+02 4.15380951e+02 1.24589615e+02
    4.66905762e+02 1.26847992e+02 7.48132629e+01 1.54676971e+02
    1.21966934e+02 1.57801697e+02 1.69508179e+02 1.60882843e+02
    2.16952530e+02 1.63999146e+02 2.64670837e+02 1.66936813e+02
    3.12573090e+02 1.69783615e+02 3.61744019e+02 1.72626282e+02
    4.11126587e+02 1.75401566e+02 4.62227051e+02 1.78165436e+02
    7.34390106e+01 2.02543457e+02 1.20354790e+02 2.05704697e+02
    1.67549271e+02 2.08877609e+02 2.14795868e+02 2.12162415e+02
    2.61974823e+02 2.15275162e+02 3.09677582e+02 2.18351883e+02
    3.58333801e+02 2.21553391e+02 4.07342651e+02 2.24673218e+02
    4.57638062e+02 2.27950455e+02 7.21600037e+01 2.49889099e+02
    1.18816025e+02 2.53238052e+02 1.65761978e+02 2.56470947e+02
    2.12663910e+02 2.59685455e+02 2.59552521e+02 2.63074066e+02
    3.06707886e+02 2.66461090e+02 3.55100037e+02 2.69960754e+02
    4.03581207e+02 2.73562408e+02 4.53656067e+02 2.77268646e+02
    7.11221542e+01 2.96217163e+02 1.17509964e+02 2.99564789e+02
    1.63887299e+02 3.02751831e+02 2.10544418e+02 3.06345886e+02
    2.57052399e+02 3.09822571e+02 3.04061218e+02 3.13509552e+02
    3.51864105e+02 3.17484589e+02 4.00245758e+02 3.21384949e+02
    4.49957001e+02 3.25473480e+02 7.00942841e+01 3.41964813e+02
    1.15671883e+02 3.45571198e+02 1.61745331e+02 3.49201538e+02
    2.08364517e+02 3.52599701e+02 2.54669083e+02 3.56349274e+02
    3.01383728e+02 3.60183777e+02 3.48984863e+02 3.64334991e+02
    3.96900848e+02 3.68650574e+02 4.46458374e+02 3.73395386e+02
    1.51134903e+02 6.51074371e+01 1.95121490e+02 7.08056793e+01
    2.39427414e+02 7.65892944e+01 2.84537354e+02 8.23708191e+01
    3.29912720e+02 8.78265381e+01 3.76553955e+02 9.33544235e+01
    4.24428253e+02 9.87514572e+01 4.73325226e+02 1.03991570e+02
    5.23823975e+02 1.09661667e+02 1.46458603e+02 1.11283920e+02
    1.90023972e+02 1.17452103e+02 2.34015152e+02 1.23543892e+02
    2.78373627e+02 1.29487518e+02 3.23432983e+02 1.35454620e+02
    3.69188141e+02 1.41302200e+02 4.16551361e+02 1.47289017e+02
    4.64578552e+02 1.53139664e+02 5.14823242e+02 1.59197937e+02
    1.41526001e+02 1.56238586e+02 1.84729828e+02 1.62536209e+02
    2.28259598e+02 1.68801895e+02 2.72356354e+02 1.75157089e+02
    3.16770813e+02 1.81375885e+02 3.62279877e+02 1.87682098e+02
    4.08885590e+02 1.94251404e+02 4.56528320e+02 2.00623077e+02
    5.05906067e+02 2.07382889e+02 1.36576508e+02 2.00577606e+02
    1.79509430e+02 2.07123032e+02 2.22708344e+02 2.13613586e+02
    2.66355072e+02 2.20242630e+02 3.10501373e+02 2.26815811e+02
    3.55404053e+02 2.33562607e+02 4.01651794e+02 2.40555084e+02
    4.48620972e+02 2.47593536e+02 4.97637787e+02 2.54797867e+02
    1.31798874e+02 2.43808701e+02 1.74605972e+02 2.50545090e+02
    2.17288773e+02 2.57305298e+02 2.60524078e+02 2.64294800e+02
    3.04230042e+02 2.71286896e+02 3.48805908e+02 2.78437988e+02
    3.94595734e+02 2.85835571e+02 4.41249786e+02 2.93392395e+02
    4.89680359e+02 3.01298737e+02 1.27115883e+02 2.86757690e+02
    1.69333328e+02 2.93594452e+02 2.11703445e+02 3.00637726e+02
    2.54668640e+02 3.07769165e+02 2.98207977e+02 3.15236572e+02
    3.42371552e+02 3.22660217e+02 3.87765961e+02 3.30512665e+02
    4.33986847e+02 3.38618134e+02 4.82154083e+02 3.47221252e+02
    6.01337395e+01 7.06235428e+01 1.13703880e+02 7.08674240e+01
    1.68607605e+02 7.13543320e+01 2.24527206e+02 7.20426559e+01
    2.80673157e+02 7.24192123e+01 3.38134613e+02 7.25590820e+01
    3.97232086e+02 7.23928452e+01 4.57465942e+02 7.18058319e+01
    5.19809082e+02 7.15007095e+01 6.15238419e+01 1.27359352e+02
    1.15027260e+02 1.28379730e+02 1.69560638e+02 1.29557907e+02
    2.24572449e+02 1.30693741e+02 2.80161346e+02 1.31655151e+02
    3.36444550e+02 1.32392426e+02 3.94674255e+02 1.32907242e+02
    4.53847656e+02 1.33174011e+02 5.15906860e+02 1.33449570e+02
    6.25007782e+01 1.82630157e+02 1.15817352e+02 1.84146271e+02
    1.69867813e+02 1.85639313e+02 2.24449844e+02 1.87200729e+02
