<?xml version="1.0"?>
<opencv_storage>
<calibration_time>"dom 26 gen 2020, 12:31:44"</calibration_time>
<nr_of_frames>14</nr_of_frames>
<image_width>640</image_width>
<image_height>480</image_height>
<board_width>9</board_width>
<board_height>6</board_height>
<square_size>50.</square_size>
<fix_aspect_ratio>1.</fix_aspect_ratio>
<!-- flags: +fix_aspectRatio +fix_principal_point +zero_tangent_dist -->
<flags>14</flags>
<fisheye_model>0</fisheye_model>
<camera_matrix type_id="opencv-matrix">
  <rows>3</rows>
  <cols>3</cols>
  <dt>d</dt>
  <data>
    5.5635318851257671e+02 0. 3.1950000000000000e+02 0.
    5.5635318851257671e+02 2.3950000000000000e+02 0. 0. 1.</data></camera_matrix>
<distortion_coefficients type_id="opencv-matrix">
  <rows>5</rows>
  <cols>1</cols>
  <dt>d</dt>
  <data>
    7.4185776075352539e-02 -1.4982289143259139e-01 0. 0.
    3.5668809730960739e-02</data></distortion_coefficients>
<avg_reprojection_error>4.3160601532003717e-01</avg_reprojection_error>
<per_view_reprojection_errors type_id="opencv-matrix">
  <rows>14</rows>
  <cols>1</cols>
  <dt>f</dt>
  <data>
    4.71635222e-01 3.05359215e-01 3.83122772e-01 4.04512763e-01
    4.34231430e-01 4.04080689e-01 3.81104410e-01 3.83940160e-01
    4.30067569e-01 4.90666062e-01 5.22671938e-01 4.49526966e-01
    4.74102974e-01 4.60044265e-01</data></per_view_reprojection_errors>
<!-- a set of 6-tuples (rotation vector + translation vector) for each view -->
<extrinsic_parameters type_id="opencv-matrix">
  <rows>14</rows>
  <cols>6</cols>
  <dt>d</dt>
  <data>
    8.1435881402023898e-03 3.7162389004779439e-01 3.0373761041172753e+00
    2.3979242321439966e+02 4.2734859225539964e+01 5.7571111046903548e+02
    -2.3080250981217670e-02 -6.6986722915631375e-02
    -3.1156494970332149e+00 1.8351443993270775e+02
    9.5302565076138876e+01 5.0635593428515904e+02
    -2.7090063366063850e-02 -1.7709511440169567e-01
    -3.1139498894843900e+00 1.8379450114105114e+02
    9.7893228708628271e+01 5.2641523457910569e+02
    -2.5487257635865242e-02 -3.4979253658340020e-01
    -3.0996764365952068e+00 1.8204975977335101e+02
    9.4663396902829362e+01 5.5641804979194944e+02
    -2.2686529110492369e-02 -5.2306612559583177e-01
    -3.0763737355306455e+00 1.8113324868326981e+02
    9.6222795351494796e+01 5.8514050205965088e+02 1.4244319508581163e-02
    3.3598835267746513e-01 3.0955389655990251e+00 1.7480625348879735e+02
    7.2178274366768719e+01 5.4780125713535665e+02 1.9996225407786665e-02
    1.8907131269547089e-01 3.1308489112941658e+00 1.9001348654702883e+02
    8.7756225065338896e+01 5.2015410718919441e+02 4.1172012232880183e-03
    2.0010008436062970e-01 3.0623526196434101e+00 2.0648027585829422e+02
    7.5304244305248105e+01 5.0286440438987466e+02 2.0087215609783508e-03
    3.3652167555191853e-01 3.0512294896933674e+00 2.0716429354752347e+02
    8.0033063062623953e+01 5.2332388151697160e+02
    -1.3584200813801573e-03 5.3591912235160311e-01
    3.0222463106429958e+00 2.0752312219751028e+02 9.0015899173572549e+01
    5.5274112891261007e+02 -1.3603426771208528e-02
    -4.9669854980949474e-01 -3.1024689430453778e+00
    2.2354878737820067e+02 1.0932041212525145e+02 5.3968917644323233e+02
    -1.0959791570058795e-02 3.2936655974032009e-01
    2.9835388273534686e+00 1.9782289241199922e+02 7.2194216651524442e+01
    5.2405889151102986e+02 7.6682521590638129e-03 3.7103377976184948e-01
    3.0865950976973373e+00 1.6753445537703504e+02 1.3946751171342757e+02
    5.1264876999931232e+02 -1.3835097842634930e-02
    -3.1709402026070244e-01 -3.1205588456494939e+00
    1.7422430957920696e+02 1.4786198205556281e+02 5.0491968748994594e+02</data></extrinsic_parameters>
<image_points type_id="opencv-matrix">
  <rows>14</rows>
  <cols>54</cols>
  <dt>"2f"</dt>
  <data>
    5.52430725e+02 2.80531250e+02 5.03694336e+02 2.84685394e+02
    4.55298676e+02 2.88645386e+02 4.06842621e+02 2.92524872e+02
    3.58505463e+02 2.96556030e+02 3.10454559e+02 3.00761658e+02
    2.61494751e+02 3.05264130e+02 2.13197327e+02 3.09601471e+02
    1.63828873e+02 3.13872498e+02 5.43789856e+02 2.33599533e+02
    4.96204773e+02 2.37689331e+02 4.48676239e+02 2.41866852e+02
    4.01322784e+02 2.45593246e+02 3.54126465e+02 2.49524338e+02
    3.06800140e+02 2.53505020e+02 2.59377106e+02 2.57504120e+02
    2.11819061e+02 2.61725586e+02 1.63194427e+02 2.65670380e+02
    5.35975464e+02 1.88842438e+02 4.89190643e+02 1.92533218e+02
    4.42716614e+02 1.96709045e+02 3.96189178e+02 2.00537247e+02
    3.49926849e+02 2.04329529e+02 3.03642975e+02 2.08242599e+02
    2.56800751e+02 2.12181747e+02 2.10316742e+02 2.16055679e+02
    1.62902786e+02 2.19669952e+02 5.28384888e+02 1.45081909e+02
    4.82475281e+02 1.49216278e+02 4.36823517e+02 1.53260315e+02
    3.91038757e+02 1.57098480e+02 3.45689392e+02 1.60926025e+02
    3.00376373e+02 1.64651184e+02 2.54618851e+02 1.68399811e+02
    2.09002625e+02 1.72134918e+02 1.62344696e+02 1.75338425e+02
    5.21139832e+02 1.04066528e+02 4.75892181e+02 1.07816559e+02
    4.31187164e+02 1.11637871e+02 3.86365387e+02 1.15345947e+02
    3.41778748e+02 1.19018158e+02 2.97268188e+02 1.22608154e+02
    2.52156387e+02 1.25986351e+02 2.07493683e+02 1.29772980e+02
    1.61959015e+02 1.33237427e+02 5.13893066e+02 6.37588921e+01
    4.69589142e+02 6.77762451e+01 4.25754364e+02 7.14049225e+01
    3.81630219e+02 7.50022888e+01 3.37896088e+02 7.84509201e+01
    2.94181152e+02 8.21960526e+01 2.49956253e+02 8.55145264e+01
    2.06079193e+02 8.90303421e+01 1.61449142e+02 9.25443039e+01
    5.22450378e+02 3.45076111e+02 4.66385651e+02 3.43154297e+02
    4.11225647e+02 3.41672729e+02 3.56088989e+02 3.39946777e+02
    3.01265350e+02 3.38701141e+02 2.46603806e+02 3.37290619e+02
    1.91889099e+02 3.35878021e+02 1.37499268e+02 3.34878876e+02
    8.24778900e+01 3.33507294e+02 5.22610291e+02 2.89251923e+02
    4.67151276e+02 2.87617554e+02 4.12042358e+02 2.86156342e+02
    3.57378265e+02 2.84727295e+02 3.03090881e+02 2.83385620e+02
    2.48725540e+02 2.81995453e+02 1.94131699e+02 2.80916351e+02
    1.39645676e+02 2.79673218e+02 8.47422256e+01 2.78347626e+02
    5.23674622e+02 2.34510162e+02 4.68085693e+02 2.33147110e+02
    4.13336029e+02 2.31792725e+02 3.58557861e+02 2.30471893e+02
    3.04630920e+02 2.29175415e+02 2.50519928e+02 2.27763962e+02
    1.95959061e+02 2.26635483e+02 1.41721054e+02 2.25354233e+02
    8.71776199e+01 2.23794128e+02 5.24351685e+02 1.79675446e+02
    4.69102753e+02 1.78591110e+02 4.14391357e+02 1.77435547e+02
    3.59887634e+02 1.76449280e+02 3.06166901e+02 1.75079941e+02
    2.52319427e+02 1.73814987e+02 1.98109283e+02 1.72428467e+02
    1.44330048e+02 1.71230164e+02 8.95158844e+01 1.69617386e+02
    5.25335999e+02 1.25655830e+02 4.70429504e+02 1.24530678e+02
    4.15731201e+02 1.23543579e+02 3.61360413e+02 1.22565727e+02
    3.07475616e+02 1.21475945e+02 2.53700226e+02 1.20219162e+02
    1.99451218e+02 1.18788857e+02 1.45979614e+02 1.17613419e+02
    9.19753342e+01 1.16518951e+02 5.26120300e+02 7.18827362e+01
    4.71227875e+02 7.10887985e+01 4.16587646e+02 7.00817947e+01
    3.62524994e+02 6.91580734e+01 3.08806549e+02 6.79429474e+01
    2.55227661e+02 6.68401184e+01 2.01291046e+02 6.56615067e+01
    1.47773682e+02 6.45101166e+01 9.44324799e+01 6.34406319e+01
    5.14678406e+02 3.43688324e+02 4.60760742e+02 3.42019318e+02
    4.07862091e+02 3.40722351e+02 3.54635742e+02 3.39458923e+02
    3.02262207e+02 3.38278748e+02 2.49749756e+02 3.37207703e+02
    1.97080917e+02 3.36008209e+02 1.45050400e+02 3.35141663e+02
    9.18867416e+01 3.33970734e+02 5.13710022e+02 2.89915619e+02
    4.60631378e+02 2.88649750e+02 4.08216980e+02 2.87449219e+02
    3.55732513e+02 2.86198486e+02 3.04033875e+02 2.85079315e+02
    2.52216827e+02 2.83954956e+02 2.00085251e+02 2.83085358e+02
    1.48239258e+02 2.82215057e+02 9.56456451e+01 2.80887390e+02
    5.13177979e+02 2.37952118e+02 4.60639404e+02 2.36702728e+02
    4.08596375e+02 2.35761047e+02 3.56679779e+02 2.34640686e+02
    3.05498138e+02 2.33611404e+02 2.54327179e+02 2.32589569e+02
