<?xml version="1.0"?>
<opencv_storage>
<calibration_time>"mer 15 apr 2020, 11:33:28"</calibration_time>
<nr_of_frames>17</nr_of_frames>
<image_width>640</image_width>
<image_height>480</image_height>
<board_width>9</board_width>
<board_height>6</board_height>
<square_size>50.</square_size>
<fix_aspect_ratio>1.</fix_aspect_ratio>
<!-- flags: +fix_aspectRatio +fix_principal_point +zero_tangent_dist -->
<flags>14</flags>
<fisheye_model>0</fisheye_model>
<camera_matrix type_id="opencv-matrix">
  <rows>3</rows>
  <cols>3</cols>
  <dt>d</dt>
  <data>
    3.8424639790763615e+02 0. 3.1950000000000000e+02 0.
    3.8424639790763615e+02 2.3950000000000000e+02 0. 0. 1.</data></camera_matrix>
<distortion_coefficients type_id="opencv-matrix">
  <rows>5</rows>
  <cols>1</cols>
  <dt>d</dt>
  <data>
    1.3873198428249687e-02 -8.4236591108623245e-03 0. 0.
    1.3189098089787809e-03</data></distortion_coefficients>
<avg_reprojection_error>2.0928072776678072e-01</avg_reprojection_error>
<per_view_reprojection_errors type_id="opencv-matrix">
  <rows>17</rows>
  <cols>1</cols>
  <dt>f</dt>
  <data>
    1.86579689e-01 1.90647036e-01 1.79762334e-01 1.78560987e-01
    1.86124280e-01 2.48698398e-01 2.53004938e-01 2.10633487e-01
    1.88824102e-01 2.17220485e-01 2.00557560e-01 2.17324406e-01
    2.22681269e-01 2.42095485e-01 2.08194286e-01 2.27142736e-01
    1.75832123e-01</data></per_view_reprojection_errors>
<!-- a set of 6-tuples (rotation vector + translation vector) for each view -->
<extrinsic_parameters type_id="opencv-matrix">
  <rows>17</rows>
  <cols>6</cols>
  <dt>d</dt>
  <data>
    1.9954671975156022e-02 -1.2307780407991407e-01
    -3.1344822029436714e+00 2.1014527949511543e+02
    1.2140487120479210e+02 4.1119433956238464e+02 3.9115551126080207e-02
    1.8066249653786878e-01 3.0214395619718046e+00 2.4294276820623577e+02
    7.6250226542402515e+01 4.0435216874802859e+02
    -1.8072203758473510e-01 4.5236907559130063e-01
    2.8826672323472695e+00 2.4109112938942630e+02 2.3622774715960002e+01
    4.3572884649181731e+02 -1.9494671744725439e-01
    5.7324024803460538e-01 3.0184310087944195e+00 1.9941021494273076e+02
    4.3887307399964627e+01 4.5883536531554302e+02
    -4.4207121089526336e-03 -7.8031096227282992e-01
    -3.0047740316317495e+00 2.1139982100099874e+02
    8.5304560593524869e+01 4.3781625508298265e+02
    -3.6721703889843749e-01 -4.0147449908628485e-01
    -3.0282570470043262e+00 1.7475950003639889e+02
    9.4606626726842222e+01 3.6464793745163632e+02
    -2.0493843329955441e-01 -5.7127829868149405e-02
    -3.1199940104093051e+00 1.4584075810827264e+02
    1.3742529159970383e+02 4.0535264071351378e+02
    -2.4483792849341296e-01 -1.8908703742896588e-01
    3.0734126014515222e+00 2.3409295053945624e+02 1.3523976354338373e+02
    4.4638144865035906e+02 -4.8683147643254721e-01
    -3.3291551328604563e-01 3.0526636468013040e+00
    2.7062730768135145e+02 1.2912037083214048e+02 5.3624817411134723e+02
    -8.3494607130699028e-01 -1.6022320495587000e-01
    2.9742349424574988e+00 2.5035934365773250e+02 1.2227150309689870e+02
    5.5678434526371950e+02 -8.5325699122953269e-01
    -2.6838497133669450e-02 2.9901641112560737e+00
    2.9685432193960656e+02 1.0520817541506669e+02 5.8666816408813293e+02
    1.1841260191002814e+00 -1.7215895565009698e-01
    -2.8644106956465500e+00 1.3241848517028765e+02
    1.5879449062159054e+02 6.1666426353237603e+02
    -6.4986793499046802e-01 5.7024864746686788e-01
    2.6646196075540534e+00 3.2632692169260798e+02 7.3786341096662049e+00
    5.4095607251007425e+02 -4.6108378843537368e-01
    6.7606319094680956e-01 2.5856144836654549e+00 2.8755173579141092e+02
    -4.2428531253360646e+01 4.6859098743487527e+02
    -2.1771167441870540e-01 7.8672557103475194e-01
    2.7079421048738128e+00 2.2697112666455757e+02
    -3.1140695138860682e+01 4.5052724609294302e+02
    -1.7923914744369232e-01 8.1963081657942949e-01
    2.9242972585375417e+00 1.7070857853823213e+02 4.6039977153389579e+01
    4.1531694262420325e+02 -9.8798105701559155e-02
    4.5281843952193346e-01 3.0326450003326824e+00 1.9524098040731212e+02
    7.9074167628196349e+01 4.3109895932846854e+02</data></extrinsic_parameters>
