<?xml version="1.0"?>
<opencv_storage>
<calibration_time>"dom 26 gen 2020, 11:21:38"</calibration_time>
<nr_of_frames>14</nr_of_frames>
<image_width>640</image_width>
<image_height>480</image_height>
<board_width>9</board_width>
<board_height>6</board_height>
<square_size>50.</square_size>
<fix_aspect_ratio>1.</fix_aspect_ratio>
<!-- flags: +fix_aspectRatio +fix_principal_point +zero_tangent_dist -->
<flags>14</flags>
<fisheye_model>0</fisheye_model>
<camera_matrix type_id="opencv-matrix">
  <rows>3</rows>
  <cols>3</cols>
  <dt>d</dt>
  <data>
    5.1692935217818547e+02 0. 3.1950000000000000e+02 0.
    5.1692935217818547e+02 2.3950000000000000e+02 0. 0. 1.</data></camera_matrix>
<distortion_coefficients type_id="opencv-matrix">
  <rows>5</rows>
  <cols>1</cols>
  <dt>d</dt>
  <data>
    -2.9268844404314742e-01 1.1578294371379050e-01 0. 0.
    -7.2892513035668863e-02</data></distortion_coefficients>
<avg_reprojection_error>3.8143174039227662e-01</avg_reprojection_error>
<per_view_reprojection_errors type_id="opencv-matrix">
  <rows>14</rows>
  <cols>1</cols>
  <dt>f</dt>
  <data>
    3.12873870e-01 4.20796037e-01 4.50592697e-01 3.79044145e-01
    3.81138146e-01 1.98086411e-01 2.44907364e-01 4.96316880e-01
    4.51094657e-01 4.29029912e-01 4.33476120e-01 4.27745461e-01
    2.14811161e-01 3.46143931e-01</data></per_view_reprojection_errors>
<!-- a set of 6-tuples (rotation vector + translation vector) for each view -->
<extrinsic_parameters type_id="opencv-matrix">
  <rows>14</rows>
  <cols>6</cols>
  <dt>d</dt>
  <data>
    -3.1536305007058396e-02 -1.7310893051350900e-02
    -2.2407966147406845e-02 -2.1053541345564369e+02
    -1.2419839325088380e+02 5.9213155587069480e+02
    -2.7741344934710963e-02 3.5512644466631715e-03
    -8.0723930367853237e-03 -2.0820476337858040e+02
    -1.4452369789293419e+02 4.9244042208878011e+02
    -1.2215083039204667e-02 -4.9119502667465511e-03
    -5.4495039532037890e-03 -2.1219079720995416e+02
    -1.4842617721354424e+02 4.7037808892921504e+02
    -1.5418065284248765e-02 -1.8496143315289154e-01
    1.4847172111796376e-02 -1.9104525747979636e+02
    -1.5698949459310498e+02 4.9080080273144307e+02
    1.2381188338356656e-01 -7.6225969659032389e-02
    -3.0787259589819312e-02 -1.9615310316200370e+02
    -1.4548693968743768e+02 5.3106101918874538e+02
    -1.1295668964052201e-01 -7.9978902354066475e-02
    -1.1106649708157718e-02 -1.7514562618256903e+02
    -9.0118914759479537e+01 8.3699821990621717e+02
    -9.9578940070589178e-02 1.0340561198085518e-01
    -3.1381584190612064e+00 2.6367729515522728e+02
    1.5012891514813714e+02 6.5123489768655190e+02 1.1860952281367552e-01
    -3.7911338122564719e-01 3.0954632878279700e+00
    1.8338244585606745e+02 1.3412984690800758e+02 4.8364308711121930e+02
    7.1128585114621959e-02 -4.8762476493209900e-01
    3.0988325279878475e+00 1.1081328006990812e+02 6.7299465251793549e+01
    5.8051497416024802e+02 1.8477979081781343e-01
    -4.6161386640442187e-01 3.0072830960204509e+00
    2.5991247518861115e+02 7.1369984655416630e+01 5.5136434052358220e+02
    2.1028075467343160e-01 -3.6619729094287812e-01
    3.0209544650083848e+00 2.5689039510721000e+02 1.8774547329381372e+02
    5.2304360228826783e+02 -1.5685340793821853e-01
    3.7072667941595711e-01 -3.0752839264671565e+00
    1.0109973718474683e+02 1.7609391520062289e+02 5.5990098983150233e+02
    1.0397379541487452e-01 -1.3852992980710205e-01
    -2.2248952056838224e-02 -2.3673893389746894e+02
    -1.7132768637660993e+02 8.6355835747445144e+02
    -6.7433578566722142e-03 -2.2182481980506635e-02
    1.1275096740140582e-01 -1.4787755663247282e+02
    -1.5818959139546445e+02 5.8448737894973556e+02</data></extrinsic_parameters>
<image_points type_id="opencv-matrix">
  <rows>14</rows>
  <cols>54</cols>
  <dt>"2f"</dt>
  <data>
    1.44766785e+02 1.36549286e+02 1.84725296e+02 1.34016922e+02
    2.25475891e+02 1.31765701e+02 2.67902100e+02 1.30257034e+02
    3.10594666e+02 1.29117050e+02 3.53237823e+02 1.28649628e+02
    3.95541382e+02 1.28653107e+02 4.36553406e+02 1.28958740e+02
    4.76416992e+02 1.29608368e+02 1.43630127e+02 1.77514252e+02
    1.83754730e+02 1.75469208e+02 2.25418839e+02 1.73771881e+02
    2.68372070e+02 1.72547150e+02 3.11293732e+02 1.71374496e+02
    3.54466370e+02 1.70658493e+02 3.97204224e+02 1.70222458e+02
    4.38590607e+02 1.70094604e+02 4.78985962e+02 1.70302261e+02
    1.43260223e+02 2.19239807e+02 1.83551270e+02 2.17787567e+02
    2.25486038e+02 2.16549011e+02 2.68687408e+02 2.15264084e+02
    3.12266296e+02 2.14294617e+02 3.55507385e+02 2.13266708e+02
    3.98722687e+02 2.12589310e+02 4.40438416e+02 2.12089783e+02
    4.80799835e+02 2.11678024e+02 1.43284363e+02 2.61653778e+02
    1.83689743e+02 2.60868988e+02 2.26221542e+02 2.60049561e+02
    2.69460938e+02 2.58990631e+02 3.13047058e+02 2.58075226e+02
    3.56518524e+02 2.56938049e+02 3.99715302e+02 2.55970352e+02
    4.41433624e+02 2.54865753e+02 4.82391174e+02 2.53968765e+02
    1.44414215e+02 3.04192749e+02 1.85211792e+02 3.03719574e+02
    2.27336426e+02 3.03097107e+02 2.70589600e+02 3.02424438e+02
    3.14164703e+02 3.01404053e+02 3.57500916e+02 3.00312439e+02
    4.00599640e+02 2.98852081e+02 4.42280243e+02 2.97381744e+02
    4.82857788e+02 2.95852203e+02 1.46620270e+02 3.45865662e+02
    1.87175995e+02 3.46174683e+02 2.29102554e+02 3.45883362e+02
    2.72045471e+02 3.45366211e+02 3.15207947e+02 3.44482025e+02
    3.58352692e+02 3.43115112e+02 4.01142853e+02 3.41612854e+02
    4.42478760e+02 3.39496643e+02 4.82947723e+02 3.37542267e+02
    1.16793411e+02 9.89060135e+01 1.62557495e+02 9.54710693e+01
    2.10475800e+02 9.26850052e+01 2.60521851e+02 9.04167938e+01
    3.11257721e+02 8.93398895e+01 3.62561768e+02 8.93090057e+01
    4.13087830e+02 9.04340286e+01 4.61565552e+02 9.20447998e+01
    5.08606323e+02 9.43460464e+01 1.13800972e+02 1.46543243e+02
    1.60087677e+02 1.43722977e+02 2.08877594e+02 1.41527771e+02
    2.59562469e+02 1.40079849e+02 3.11385437e+02 1.39253983e+02
    3.63410706e+02 1.39020981e+02 4.14938568e+02 1.39345657e+02
    4.64376709e+02 1.40449951e+02 5.12292542e+02 1.42018997e+02
    1.11549690e+02 1.95284866e+02 1.58575195e+02 1.93577133e+02
    2.07555069e+02 1.92360886e+02 2.59157471e+02 1.91112381e+02
    3.11515717e+02 1.90484573e+02 3.64317444e+02 1.90034393e+02
    4.16512238e+02 1.90189972e+02 4.66450287e+02 1.90557190e+02
    5.14493103e+02 1.91313538e+02 1.10717163e+02 2.45458420e+02
    1.57362732e+02 2.44960571e+02 2.07324402e+02 2.44518509e+02
    2.59261292e+02 2.43822327e+02 3.11953918e+02 2.43387024e+02
    3.64665985e+02 2.42904572e+02 4.16989929e+02 2.42578629e+02
    4.67077087e+02 2.42297729e+02 5.15804382e+02 2.42021881e+02
    1.11121483e+02 2.95723663e+02 1.58383240e+02 2.96364563e+02
    2.08108841e+02 2.96460052e+02 2.59684387e+02 2.96454315e+02
    3.12447845e+02 2.96243164e+02 3.65119263e+02 2.95530548e+02
    4.17440948e+02 2.94701782e+02 4.67338715e+02 2.93638611e+02
    5.15949707e+02 2.92471375e+02 1.13192741e+02 3.45319397e+02
    1.60268723e+02 3.46713287e+02 2.09439972e+02 3.47728577e+02
    2.60804474e+02 3.48441101e+02 3.12981567e+02 3.48336243e+02
    3.65314758e+02 3.47525360e+02 4.17040009e+02 3.46347778e+02
    4.66695404e+02 3.44486542e+02 5.14839050e+02 3.42448486e+02
    1.05283844e+02 8.96769714e+01 1.52485260e+02 8.62521820e+01
    2.01785629e+02 8.31290817e+01 2.53739029e+02 8.08548355e+01
    3.06761932e+02 7.97673798e+01 3.59955658e+02 8.01507034e+01
    4.12523987e+02 8.14328766e+01 4.62737152e+02 8.35744858e+01
    5.11412323e+02 8.64173889e+01 1.02275948e+02 1.39125839e+02
    1.49565369e+02 1.36437042e+02 2.00251297e+02 1.33904587e+02
    2.52854599e+02 1.32537292e+02 3.06688385e+02 1.31585663e+02
    3.60634827e+02 1.31490051e+02 4.14362061e+02 1.32400894e+02
    4.65411957e+02 1.33680206e+02 5.14663635e+02 1.35641907e+02
    9.96850052e+01 1.89575638e+02 1.47774109e+02 1.88063934e+02
    1.98818817e+02 1.86595993e+02 2.52271622e+02 1.85407669e+02
