<?xml version="1.0"?>
<opencv_storage>
<camera_matrix type_id="opencv-matrix">
  <rows>3</rows>
  <cols>3</cols>
  <dt>d</dt>
  <data>
    5.4862343639389530e+02 0. 3.7480602347278045e+02
    0. 5.4941733689311820e+02 2.4130727049236972e+02
    0. 0. 1.</data></camera_matrix>
<distortion_coefficients type_id="opencv-matrix">
  <rows>1</rows>
  <cols>5</cols>
  <dt>d</dt>
  <data>
    1.0899998858387351e-01 -7.7195029724122710e-01
    4.9649120552890755e-03 5.8142514118128281e-03 1.8358214889161555e+00</data></distortion_coefficients>
</opencv_storage>


fx: 548.62343639389530
fy: 549.41733689311820
cx: 374.80602347278045
cy: 241.30727049236972e

k1: 0.10899998858387351
k2: -0.77195029724122710
p1: 0.0049649120552890755
p2: 0.0058142514118128281