<?xml version="1.0"?>


calibration webcam rauter 1


<opencv_storage>
<camera_matrix type_id="opencv-matrix">
  <rows>3</rows>
  <cols>3</cols>
  <dt>d</dt>
  <data>
    7.8536292651225449e+02 0. 3.2069459360217320e+02 0.
    7.8511797782418603e+02 2.5323286616426290e+02 0. 0. 1.</data></camera_matrix>
<distortion_coefficients type_id="opencv-matrix">
  <rows>1</rows>
  <cols>5</cols>
  <dt>d</dt>
  <data>
    9.9342630129320625e-02 -5.9569469572120615e-01
    8.1252892774907430e-03 4.5733542201568484e-03 8.3029389384113617e-01</data></distortion_coefficients>
</opencv_storage>
